id,compile_time,compile_result,process_failing_time,process_failing_result,process_failing_count,process_failing_cases,process_regression_time,process_regression_result,hotswap_time,hotswap_length,hotswap_failing_time,hotswap_failing_result,hotswap_failing_count,hotswap_failing_cases,hotswap_regression_time,side_effect
2,36,true,187,false,6,[testSwissFertility(org.apache.commons.math.stat.correlation.SpearmansRankCorrelationTest): correlation p values],,,3,3703,15,false,6,"[testSwissFertility(org.apache.commons.math.stat.correlation.SpearmansRankCorrelationTest): correlation p values Expected: BlockRealMatrix{{0.0, 0.01491720061472623, 9.45043734069043E-7, 3.658616965962355E-7, 0.001028523190118147}, {0.01491720061472623, 0.0, 9.95151527133974E-8, 1.304590105694471E-6, 0.005204433539191644}, {9.45043734069043E-7, 9.95151527133974E-8, 0.0, 4.811397236181847E-8, 2.588307925380906E-5}, {3.658616965962355E-7, 1.304590105694471E-6, 4.811397236181847E-8, 0.0, 0.301807756132683}, {0.001028523190118147, 0.005204433539191644, 2.588307925380906E-5, 0.301807756132683, 0.0}} Observed: BlockRealMatrix{{0.0, 0.0, 0.0, 0.0, 0.0}, {0.0, 0.0, 0.0, 0.0, 0.0}, {0.0, 0.0, 0.0, 0.0, 0.0}, {0.0, 0.0, 0.0, 0.0, 0.0}, {0.0, 0.0, 0.0, 0.0, 0.0}} expected - observed: BlockRealMatrix{{0.0, 0.01491720061472623, 9.45043734069043E-7, 3.658616965962355E-7, 0.001028523190118147}, {0.01491720061472623, 0.0, 9.95151527133974E-8, 1.304590105694471E-6, 0.005204433539191644}, {9.45043734069043E-7, 9.95151527133974E-8, 0.0, 4.811397236181847E-8, 2.588307925380906E-5}, {3.658616965962355E-7, 1.304590105694471E-6, 4.811397236181847E-8, 0.0, 0.301807756132683}, {0.001028523190118147, 0.005204433539191644, 2.588307925380906E-5, 0.301807756132683, 0.0}}-, testPValueNearZero(org.apache.commons.math.stat.correlation.SpearmansRankCorrelationTest): null-, testStdErrorConsistency(org.apache.commons.math.stat.correlation.PearsonsCorrelationTest): expected:<0.014917200614726234> but was:<0.0>-, testSwissFertility(org.apache.commons.math.stat.correlation.PearsonsCorrelationTest): correlation p values Expected: BlockRealMatrix{{0.0, 0.01491720061472623, 9.45043734069043E-7, 3.658616965962355E-7, 0.001028523190118147}, {0.01491720061472623, 0.0, 9.95151527133974E-8, 1.304590105694471E-6, 0.005204433539191644}, {9.45043734069043E-7, 9.95151527133974E-8, 0.0, 4.811397236181847E-8, 2.588307925380906E-5}, {3.658616965962355E-7, 1.304590105694471E-6, 4.811397236181847E-8, 0.0, 0.301807756132683}, {0.001028523190118147, 0.005204433539191644, 2.588307925380906E-5, 0.301807756132683, 0.0}} Observed: BlockRealMatrix{{0.0, 0.0, 0.0, 0.0, 0.0}, {0.0, 0.0, 0.0, 0.0, 0.0}, {0.0, 0.0, 0.0, 0.0, 0.0}, {0.0, 0.0, 0.0, 0.0, 0.0}, {0.0, 0.0, 0.0, 0.0, 0.0}} expected - observed: BlockRealMatrix{{0.0, 0.01491720061472623, 9.45043734069043E-7, 3.658616965962355E-7, 0.001028523190118147}, {0.01491720061472623, 0.0, 9.95151527133974E-8, 1.304590105694471E-6, 0.005204433539191644}, {9.45043734069043E-7, 9.95151527133974E-8, 0.0, 4.811397236181847E-8, 2.588307925380906E-5}, {3.658616965962355E-7, 1.304590105694471E-6, 4.811397236181847E-8, 0.0, 0.301807756132683}, {0.001028523190118147, 0.005204433539191644, 2.588307925380906E-5, 0.301807756132683, 0.0}}-, testPValueNearZero(org.apache.commons.math.stat.correlation.PearsonsCorrelationTest): null-, testLongly(org.apache.commons.math.stat.correlation.PearsonsCorrelationTest): correlation p values Expected: BlockRealMatrix{{0.0, 4.38904690369668E-10, 8.36353208910623E-12, 0.0472894097790304, 0.0749178049642416, 3.693245043123738E-9, 3.95834476307755E-10}, {4.38904690369668E-10, 0.0, 7.8159700933611E-14, 0.01030636128354301, 0.06971758330341182, 4.327782576751815E-11, 1.114663916723657E-13}, {8.36353208910623E-12, 7.8159700933611E-14, 0.0, 0.01316878049026582, 0.0830166169296545, 1.167954621905665E-13, 1.332267629550188E-15}, {0.0472894097790304, 0.01030636128354301, 0.01316878049026582, 0.0, 0.510948586323452, 0.00331028281967516, 0.00466039138541463}, {0.0749178049642416, 0.06971758330341182, 0.0830166169296545, 0.510948586323452, 0.0, 0.1652293725106684, 0.1078477071581498}, {3.693245043123738E-9, 4.327782576751815E-11, 1.167954621905665E-13, 0.00331028281967516, 0.1652293725106684, 0.0, 7.771561172376096E-15}, {3.95834476307755E-10, 1.114663916723657E-13, 1.332267629550188E-15, 0.00466039138541463, 0.1078477071581498, 7.771561172376096E-15, 0.0}} Observed: BlockRealMatrix{{0.0, 0.0, 0.0, 0.0, 0.0, 0.0, 0.0}, {0.0, 0.0, 0.0, 0.0, 0.0, 0.0, 0.0}, {0.0, 0.0, 0.0, 0.0, 0.0, 0.0, 0.0}, {0.0, 0.0, 0.0, 0.0, 0.0, 0.0, 0.0}, {0.0, 0.0, 0.0, 0.0, 0.0, 0.0, 0.0}, {0.0, 0.0, 0.0, 0.0, 0.0, 0.0, 0.0}, {0.0, 0.0, 0.0, 0.0, 0.0, 0.0, 0.0}} expected - observed: BlockRealMatrix{{0.0, 4.38904690369668E-10, 8.36353208910623E-12, 0.0472894097790304, 0.0749178049642416, 3.693245043123738E-9, 3.95834476307755E-10}, {4.38904690369668E-10, 0.0, 7.8159700933611E-14, 0.01030636128354301, 0.06971758330341182, 4.327782576751815E-11, 1.114663916723657E-13}, {8.36353208910623E-12, 7.8159700933611E-14, 0.0, 0.01316878049026582, 0.0830166169296545, 1.167954621905665E-13, 1.332267629550188E-15}, {0.0472894097790304, 0.01030636128354301, 0.01316878049026582, 0.0, 0.510948586323452, 0.00331028281967516, 0.00466039138541463}, {0.0749178049642416, 0.06971758330341182, 0.0830166169296545, 0.510948586323452, 0.0, 0.1652293725106684, 0.1078477071581498}, {3.693245043123738E-9, 4.327782576751815E-11, 1.167954621905665E-13, 0.00331028281967516, 0.1652293725106684, 0.0, 7.771561172376096E-15}, {3.95834476307755E-10, 1.114663916723657E-13, 1.332267629550188E-15, 0.00466039138541463, 0.1078477071581498, 7.771561172376096E-15, 0.0}}-]",,"process:[testSwissFertility(org.apache.commons.math.stat.correlation.SpearmansRankCorrelationTest): correlation p values]hotswap:[testSwissFertility(org.apache.commons.math.stat.correlation.SpearmansRankCorrelationTest): correlation p values Expected: BlockRealMatrix{{0.0, 0.01491720061472623, 9.45043734069043E-7, 3.658616965962355E-7, 0.001028523190118147}, {0.01491720061472623, 0.0, 9.95151527133974E-8, 1.304590105694471E-6, 0.005204433539191644}, {9.45043734069043E-7, 9.95151527133974E-8, 0.0, 4.811397236181847E-8, 2.588307925380906E-5}, {3.658616965962355E-7, 1.304590105694471E-6, 4.811397236181847E-8, 0.0, 0.301807756132683}, {0.001028523190118147, 0.005204433539191644, 2.588307925380906E-5, 0.301807756132683, 0.0}} Observed: BlockRealMatrix{{0.0, 0.0, 0.0, 0.0, 0.0}, {0.0, 0.0, 0.0, 0.0, 0.0}, {0.0, 0.0, 0.0, 0.0, 0.0}, {0.0, 0.0, 0.0, 0.0, 0.0}, {0.0, 0.0, 0.0, 0.0, 0.0}} expected - observed: BlockRealMatrix{{0.0, 0.01491720061472623, 9.45043734069043E-7, 3.658616965962355E-7, 0.001028523190118147}, {0.01491720061472623, 0.0, 9.95151527133974E-8, 1.304590105694471E-6, 0.005204433539191644}, {9.45043734069043E-7, 9.95151527133974E-8, 0.0, 4.811397236181847E-8, 2.588307925380906E-5}, {3.658616965962355E-7, 1.304590105694471E-6, 4.811397236181847E-8, 0.0, 0.301807756132683}, {0.001028523190118147, 0.005204433539191644, 2.588307925380906E-5, 0.301807756132683, 0.0}}-, testPValueNearZero(org.apache.commons.math.stat.correlation.SpearmansRankCorrelationTest): null-, testStdErrorConsistency(org.apache.commons.math.stat.correlation.PearsonsCorrelationTest): expected:<0.014917200614726234> but was:<0.0>-, testSwissFertility(org.apache.commons.math.stat.correlation.PearsonsCorrelationTest): correlation p values Expected: BlockRealMatrix{{0.0, 0.01491720061472623, 9.45043734069043E-7, 3.658616965962355E-7, 0.001028523190118147}, {0.01491720061472623, 0.0, 9.95151527133974E-8, 1.304590105694471E-6, 0.005204433539191644}, {9.45043734069043E-7, 9.95151527133974E-8, 0.0, 4.811397236181847E-8, 2.588307925380906E-5}, {3.658616965962355E-7, 1.304590105694471E-6, 4.811397236181847E-8, 0.0, 0.301807756132683}, {0.001028523190118147, 0.005204433539191644, 2.588307925380906E-5, 0.301807756132683, 0.0}} Observed: BlockRealMatrix{{0.0, 0.0, 0.0, 0.0, 0.0}, {0.0, 0.0, 0.0, 0.0, 0.0}, {0.0, 0.0, 0.0, 0.0, 0.0}, {0.0, 0.0, 0.0, 0.0, 0.0}, {0.0, 0.0, 0.0, 0.0, 0.0}} expected - observed: BlockRealMatrix{{0.0, 0.01491720061472623, 9.45043734069043E-7, 3.658616965962355E-7, 0.001028523190118147}, {0.01491720061472623, 0.0, 9.95151527133974E-8, 1.304590105694471E-6, 0.005204433539191644}, {9.45043734069043E-7, 9.95151527133974E-8, 0.0, 4.811397236181847E-8, 2.588307925380906E-5}, {3.658616965962355E-7, 1.304590105694471E-6, 4.811397236181847E-8, 0.0, 0.301807756132683}, {0.001028523190118147, 0.005204433539191644, 2.588307925380906E-5, 0.301807756132683, 0.0}}-, testPValueNearZero(org.apache.commons.math.stat.correlation.PearsonsCorrelationTest): null-, testLongly(org.apache.commons.math.stat.correlation.PearsonsCorrelationTest): correlation p values Expected: BlockRealMatrix{{0.0, 4.38904690369668E-10, 8.36353208910623E-12, 0.0472894097790304, 0.0749178049642416, 3.693245043123738E-9, 3.95834476307755E-10}, {4.38904690369668E-10, 0.0, 7.8159700933611E-14, 0.01030636128354301, 0.06971758330341182, 4.327782576751815E-11, 1.114663916723657E-13}, {8.36353208910623E-12, 7.8159700933611E-14, 0.0, 0.01316878049026582, 0.0830166169296545, 1.167954621905665E-13, 1.332267629550188E-15}, {0.0472894097790304, 0.01030636128354301, 0.01316878049026582, 0.0, 0.510948586323452, 0.00331028281967516, 0.00466039138541463}, {0.0749178049642416, 0.06971758330341182, 0.0830166169296545, 0.510948586323452, 0.0, 0.1652293725106684, 0.1078477071581498}, {3.693245043123738E-9, 4.327782576751815E-11, 1.167954621905665E-13, 0.00331028281967516, 0.1652293725106684, 0.0, 7.771561172376096E-15}, {3.95834476307755E-10, 1.114663916723657E-13, 1.332267629550188E-15, 0.00466039138541463, 0.1078477071581498, 7.771561172376096E-15, 0.0}} Observed: BlockRealMatrix{{0.0, 0.0, 0.0, 0.0, 0.0, 0.0, 0.0}, {0.0, 0.0, 0.0, 0.0, 0.0, 0.0, 0.0}, {0.0, 0.0, 0.0, 0.0, 0.0, 0.0, 0.0}, {0.0, 0.0, 0.0, 0.0, 0.0, 0.0, 0.0}, {0.0, 0.0, 0.0, 0.0, 0.0, 0.0, 0.0}, {0.0, 0.0, 0.0, 0.0, 0.0, 0.0, 0.0}, {0.0, 0.0, 0.0, 0.0, 0.0, 0.0, 0.0}} expected - observed: BlockRealMatrix{{0.0, 4.38904690369668E-10, 8.36353208910623E-12, 0.0472894097790304, 0.0749178049642416, 3.693245043123738E-9, 3.95834476307755E-10}, {4.38904690369668E-10, 0.0, 7.8159700933611E-14, 0.01030636128354301, 0.06971758330341182, 4.327782576751815E-11, 1.114663916723657E-13}, {8.36353208910623E-12, 7.8159700933611E-14, 0.0, 0.01316878049026582, 0.0830166169296545, 1.167954621905665E-13, 1.332267629550188E-15}, {0.0472894097790304, 0.01030636128354301, 0.01316878049026582, 0.0, 0.510948586323452, 0.00331028281967516, 0.00466039138541463}, {0.0749178049642416, 0.06971758330341182, 0.0830166169296545, 0.510948586323452, 0.0, 0.1652293725106684, 0.1078477071581498}, {3.693245043123738E-9, 4.327782576751815E-11, 1.167954621905665E-13, 0.00331028281967516, 0.1652293725106684, 0.0, 7.771561172376096E-15}, {3.95834476307755E-10, 1.114663916723657E-13, 1.332267629550188E-15, 0.00466039138541463, 0.1078477071581498, 7.771561172376096E-15, 0.0}}-]"
3,43,true,212,false,6,[testSwissFertility(org.apache.commons.math.stat.correlation.SpearmansRankCorrelationTest): correlation p values],,,4,3703,37,false,6,"[testSwissFertility(org.apache.commons.math.stat.correlation.SpearmansRankCorrelationTest): correlation p values Expected: BlockRealMatrix{{0.0, 0.01491720061472623, 9.45043734069043E-7, 3.658616965962355E-7, 0.001028523190118147}, {0.01491720061472623, 0.0, 9.95151527133974E-8, 1.304590105694471E-6, 0.005204433539191644}, {9.45043734069043E-7, 9.95151527133974E-8, 0.0, 4.811397236181847E-8, 2.588307925380906E-5}, {3.658616965962355E-7, 1.304590105694471E-6, 4.811397236181847E-8, 0.0, 0.301807756132683}, {0.001028523190118147, 0.005204433539191644, 2.588307925380906E-5, 0.301807756132683, 0.0}} Observed: BlockRealMatrix{{0.0, 0.014917200614726234, 9.450437341573803E-7, 3.658616964941075E-7, 0.0010285231901181469}, {0.0, 0.0, 9.951515278494583E-8, 1.3045901057218146E-6, 0.005204433539191644}, {0.0, 0.0, 0.0, 4.811397236181847E-8, 2.5883079253885555E-5}, {0.0, 0.0, 0.0, 0.0, 0.3018077561326824}, {0.0, 0.0, 0.0, 0.0, 0.0}} expected - observed: BlockRealMatrix{{0.0, -3.469446951953614E-18, -8.83372778273878E-17, 1.0212803299987187E-16, 2.1684043449710089E-19}, {0.01491720061472623, 0.0, -7.154842306831752E-17, -2.7343494086789696E-17, 0.0}, {9.45043734069043E-7, 9.95151527133974E-8, 0.0, 0.0, -7.649385140064136E-17}, {3.658616965962355E-7, 1.304590105694471E-6, 4.811397236181847E-8, 0.0, 6.106226635438361E-16}, {0.001028523190118147, 0.005204433539191644, 2.588307925380906E-5, 0.301807756132683, 0.0}}-, testPValueNearZero(org.apache.commons.math.stat.correlation.SpearmansRankCorrelationTest): null-, testStdErrorConsistency(org.apache.commons.math.stat.correlation.PearsonsCorrelationTest): expected:<0.014917200614726234> but was:<0.0>-, testSwissFertility(org.apache.commons.math.stat.correlation.PearsonsCorrelationTest): correlation p values Expected: BlockRealMatrix{{0.0, 0.01491720061472623, 9.45043734069043E-7, 3.658616965962355E-7, 0.001028523190118147}, {0.01491720061472623, 0.0, 9.95151527133974E-8, 1.304590105694471E-6, 0.005204433539191644}, {9.45043734069043E-7, 9.95151527133974E-8, 0.0, 4.811397236181847E-8, 2.588307925380906E-5}, {3.658616965962355E-7, 1.304590105694471E-6, 4.811397236181847E-8, 0.0, 0.301807756132683}, {0.001028523190118147, 0.005204433539191644, 2.588307925380906E-5, 0.301807756132683, 0.0}} Observed: BlockRealMatrix{{0.0, 0.014917200614726234, 9.450437341573803E-7, 3.658616964941075E-7, 0.0010285231901181469}, {0.0, 0.0, 9.951515278494583E-8, 1.3045901057218146E-6, 0.005204433539191644}, {0.0, 0.0, 0.0, 4.811397236181847E-8, 2.5883079253885555E-5}, {0.0, 0.0, 0.0, 0.0, 0.3018077561326824}, {0.0, 0.0, 0.0, 0.0, 0.0}} expected - observed: BlockRealMatrix{{0.0, -3.469446951953614E-18, -8.83372778273878E-17, 1.0212803299987187E-16, 2.1684043449710089E-19}, {0.01491720061472623, 0.0, -7.154842306831752E-17, -2.7343494086789696E-17, 0.0}, {9.45043734069043E-7, 9.95151527133974E-8, 0.0, 0.0, -7.649385140064136E-17}, {3.658616965962355E-7, 1.304590105694471E-6, 4.811397236181847E-8, 0.0, 6.106226635438361E-16}, {0.001028523190118147, 0.005204433539191644, 2.588307925380906E-5, 0.301807756132683, 0.0}}-, testPValueNearZero(org.apache.commons.math.stat.correlation.PearsonsCorrelationTest): null-, testLongly(org.apache.commons.math.stat.correlation.PearsonsCorrelationTest): correlation p values Expected: BlockRealMatrix{{0.0, 4.38904690369668E-10, 8.36353208910623E-12, 0.0472894097790304, 0.0749178049642416, 3.693245043123738E-9, 3.95834476307755E-10}, {4.38904690369668E-10, 0.0, 7.8159700933611E-14, 0.01030636128354301, 0.06971758330341182, 4.327782576751815E-11, 1.114663916723657E-13}, {8.36353208910623E-12, 7.8159700933611E-14, 0.0, 0.01316878049026582, 0.0830166169296545, 1.167954621905665E-13, 1.332267629550188E-15}, {0.0472894097790304, 0.01030636128354301, 0.01316878049026582, 0.0, 0.510948586323452, 0.00331028281967516, 0.00466039138541463}, {0.0749178049642416, 0.06971758330341182, 0.0830166169296545, 0.510948586323452, 0.0, 0.1652293725106684, 0.1078477071581498}, {3.693245043123738E-9, 4.327782576751815E-11, 1.167954621905665E-13, 0.00331028281967516, 0.1652293725106684, 0.0, 7.771561172376096E-15}, {3.95834476307755E-10, 1.114663916723657E-13, 1.332267629550188E-15, 0.00466039138541463, 0.1078477071581498, 7.771561172376096E-15, 0.0}} Observed: BlockRealMatrix{{0.0, 4.3890469036966806E-10, 8.36353208910623E-12, 0.04728940977903018, 0.07491780496424161, 3.6932450431237385E-9, 3.958342542631499E-10}, {0.0, 0.0, 7.815970093361102E-14, 0.010306361283543009, 0.06971758330341116, 4.327782576751815E-11, 1.1146639167236572E-13}, {0.0, 0.0, 0.0, 0.013168780490265819, 0.08301661692965379, 1.1679546219056647E-13, 1.3322676295501878E-15}, {0.0, 0.0, 0.0, 0.0, 0.5109485863234526, 0.003310282819675159, 0.004660391385414631}, {0.0, 0.0, 0.0, 0.0, 0.0, 0.1652293725106686, 0.1078477071581494}, {0.0, 0.0, 0.0, 0.0, 0.0, 0.0, 7.771561172376096E-15}, {0.0, 0.0, 0.0, 0.0, 0.0, 0.0, 0.0}} expected - observed: BlockRealMatrix{{0.0, -5.169878828456423E-26, 0.0, 2.220446049250313E-16, -1.3877787807814457E-17, -4.1359030627651384E-25, 2.2204460513182646E-16}, {4.38904690369668E-10, 0.0, -2.5243548967072378E-29, 1.734723475976807E-18, 6.661338147750939E-16, 0.0, -1.2621774483536189E-29}, {8.36353208910623E-12, 7.8159700933611E-14, 0.0, 1.734723475976807E-18, 7.077671781985373E-16, 2.5243548967072378E-29, 1.9721522630525295E-31}, {0.0472894097790304, 0.01030636128354301, 0.01316878049026582, 0.0, -6.661338147750939E-16, 1.3010426069826053E-18, -8.673617379884035E-19}, {0.0749178049642416, 0.06971758330341182, 0.0830166169296545, 0.510948586323452, 0.0, -1.942890293094024E-16, 4.0245584642661925E-16}, {3.693245043123738E-9, 4.327782576751815E-11, 1.167954621905665E-13, 0.00331028281967516, 0.1652293725106684, 0.0, 0.0}, {3.95834476307755E-10, 1.114663916723657E-13, 1.332267629550188E-15, 0.00466039138541463, 0.1078477071581498, 7.771561172376096E-15, 0.0}}-]",,"process:[testSwissFertility(org.apache.commons.math.stat.correlation.SpearmansRankCorrelationTest): correlation p values]hotswap:[testSwissFertility(org.apache.commons.math.stat.correlation.SpearmansRankCorrelationTest): correlation p values Expected: BlockRealMatrix{{0.0, 0.01491720061472623, 9.45043734069043E-7, 3.658616965962355E-7, 0.001028523190118147}, {0.01491720061472623, 0.0, 9.95151527133974E-8, 1.304590105694471E-6, 0.005204433539191644}, {9.45043734069043E-7, 9.95151527133974E-8, 0.0, 4.811397236181847E-8, 2.588307925380906E-5}, {3.658616965962355E-7, 1.304590105694471E-6, 4.811397236181847E-8, 0.0, 0.301807756132683}, {0.001028523190118147, 0.005204433539191644, 2.588307925380906E-5, 0.301807756132683, 0.0}} Observed: BlockRealMatrix{{0.0, 0.014917200614726234, 9.450437341573803E-7, 3.658616964941075E-7, 0.0010285231901181469}, {0.0, 0.0, 9.951515278494583E-8, 1.3045901057218146E-6, 0.005204433539191644}, {0.0, 0.0, 0.0, 4.811397236181847E-8, 2.5883079253885555E-5}, {0.0, 0.0, 0.0, 0.0, 0.3018077561326824}, {0.0, 0.0, 0.0, 0.0, 0.0}} expected - observed: BlockRealMatrix{{0.0, -3.469446951953614E-18, -8.83372778273878E-17, 1.0212803299987187E-16, 2.1684043449710089E-19}, {0.01491720061472623, 0.0, -7.154842306831752E-17, -2.7343494086789696E-17, 0.0}, {9.45043734069043E-7, 9.95151527133974E-8, 0.0, 0.0, -7.649385140064136E-17}, {3.658616965962355E-7, 1.304590105694471E-6, 4.811397236181847E-8, 0.0, 6.106226635438361E-16}, {0.001028523190118147, 0.005204433539191644, 2.588307925380906E-5, 0.301807756132683, 0.0}}-, testPValueNearZero(org.apache.commons.math.stat.correlation.SpearmansRankCorrelationTest): null-, testStdErrorConsistency(org.apache.commons.math.stat.correlation.PearsonsCorrelationTest): expected:<0.014917200614726234> but was:<0.0>-, testSwissFertility(org.apache.commons.math.stat.correlation.PearsonsCorrelationTest): correlation p values Expected: BlockRealMatrix{{0.0, 0.01491720061472623, 9.45043734069043E-7, 3.658616965962355E-7, 0.001028523190118147}, {0.01491720061472623, 0.0, 9.95151527133974E-8, 1.304590105694471E-6, 0.005204433539191644}, {9.45043734069043E-7, 9.95151527133974E-8, 0.0, 4.811397236181847E-8, 2.588307925380906E-5}, {3.658616965962355E-7, 1.304590105694471E-6, 4.811397236181847E-8, 0.0, 0.301807756132683}, {0.001028523190118147, 0.005204433539191644, 2.588307925380906E-5, 0.301807756132683, 0.0}} Observed: BlockRealMatrix{{0.0, 0.014917200614726234, 9.450437341573803E-7, 3.658616964941075E-7, 0.0010285231901181469}, {0.0, 0.0, 9.951515278494583E-8, 1.3045901057218146E-6, 0.005204433539191644}, {0.0, 0.0, 0.0, 4.811397236181847E-8, 2.5883079253885555E-5}, {0.0, 0.0, 0.0, 0.0, 0.3018077561326824}, {0.0, 0.0, 0.0, 0.0, 0.0}} expected - observed: BlockRealMatrix{{0.0, -3.469446951953614E-18, -8.83372778273878E-17, 1.0212803299987187E-16, 2.1684043449710089E-19}, {0.01491720061472623, 0.0, -7.154842306831752E-17, -2.7343494086789696E-17, 0.0}, {9.45043734069043E-7, 9.95151527133974E-8, 0.0, 0.0, -7.649385140064136E-17}, {3.658616965962355E-7, 1.304590105694471E-6, 4.811397236181847E-8, 0.0, 6.106226635438361E-16}, {0.001028523190118147, 0.005204433539191644, 2.588307925380906E-5, 0.301807756132683, 0.0}}-, testPValueNearZero(org.apache.commons.math.stat.correlation.PearsonsCorrelationTest): null-, testLongly(org.apache.commons.math.stat.correlation.PearsonsCorrelationTest): correlation p values Expected: BlockRealMatrix{{0.0, 4.38904690369668E-10, 8.36353208910623E-12, 0.0472894097790304, 0.0749178049642416, 3.693245043123738E-9, 3.95834476307755E-10}, {4.38904690369668E-10, 0.0, 7.8159700933611E-14, 0.01030636128354301, 0.06971758330341182, 4.327782576751815E-11, 1.114663916723657E-13}, {8.36353208910623E-12, 7.8159700933611E-14, 0.0, 0.01316878049026582, 0.0830166169296545, 1.167954621905665E-13, 1.332267629550188E-15}, {0.0472894097790304, 0.01030636128354301, 0.01316878049026582, 0.0, 0.510948586323452, 0.00331028281967516, 0.00466039138541463}, {0.0749178049642416, 0.06971758330341182, 0.0830166169296545, 0.510948586323452, 0.0, 0.1652293725106684, 0.1078477071581498}, {3.693245043123738E-9, 4.327782576751815E-11, 1.167954621905665E-13, 0.00331028281967516, 0.1652293725106684, 0.0, 7.771561172376096E-15}, {3.95834476307755E-10, 1.114663916723657E-13, 1.332267629550188E-15, 0.00466039138541463, 0.1078477071581498, 7.771561172376096E-15, 0.0}} Observed: BlockRealMatrix{{0.0, 4.3890469036966806E-10, 8.36353208910623E-12, 0.04728940977903018, 0.07491780496424161, 3.6932450431237385E-9, 3.958342542631499E-10}, {0.0, 0.0, 7.815970093361102E-14, 0.010306361283543009, 0.06971758330341116, 4.327782576751815E-11, 1.1146639167236572E-13}, {0.0, 0.0, 0.0, 0.013168780490265819, 0.08301661692965379, 1.1679546219056647E-13, 1.3322676295501878E-15}, {0.0, 0.0, 0.0, 0.0, 0.5109485863234526, 0.003310282819675159, 0.004660391385414631}, {0.0, 0.0, 0.0, 0.0, 0.0, 0.1652293725106686, 0.1078477071581494}, {0.0, 0.0, 0.0, 0.0, 0.0, 0.0, 7.771561172376096E-15}, {0.0, 0.0, 0.0, 0.0, 0.0, 0.0, 0.0}} expected - observed: BlockRealMatrix{{0.0, -5.169878828456423E-26, 0.0, 2.220446049250313E-16, -1.3877787807814457E-17, -4.1359030627651384E-25, 2.2204460513182646E-16}, {4.38904690369668E-10, 0.0, -2.5243548967072378E-29, 1.734723475976807E-18, 6.661338147750939E-16, 0.0, -1.2621774483536189E-29}, {8.36353208910623E-12, 7.8159700933611E-14, 0.0, 1.734723475976807E-18, 7.077671781985373E-16, 2.5243548967072378E-29, 1.9721522630525295E-31}, {0.0472894097790304, 0.01030636128354301, 0.01316878049026582, 0.0, -6.661338147750939E-16, 1.3010426069826053E-18, -8.673617379884035E-19}, {0.0749178049642416, 0.06971758330341182, 0.0830166169296545, 0.510948586323452, 0.0, -1.942890293094024E-16, 4.0245584642661925E-16}, {3.693245043123738E-9, 4.327782576751815E-11, 1.167954621905665E-13, 0.00331028281967516, 0.1652293725106684, 0.0, 0.0}, {3.95834476307755E-10, 1.114663916723657E-13, 1.332267629550188E-15, 0.00466039138541463, 0.1078477071581498, 7.771561172376096E-15, 0.0}}-]"
4,38,true,244,false,6,[testSwissFertility(org.apache.commons.math.stat.correlation.SpearmansRankCorrelationTest): correlation p values],,,3,3703,13,false,6,"[testSwissFertility(org.apache.commons.math.stat.correlation.SpearmansRankCorrelationTest): correlation p values Expected: BlockRealMatrix{{0.0, 0.01491720061472623, 9.45043734069043E-7, 3.658616965962355E-7, 0.001028523190118147}, {0.01491720061472623, 0.0, 9.95151527133974E-8, 1.304590105694471E-6, 0.005204433539191644}, {9.45043734069043E-7, 9.95151527133974E-8, 0.0, 4.811397236181847E-8, 2.588307925380906E-5}, {3.658616965962355E-7, 1.304590105694471E-6, 4.811397236181847E-8, 0.0, 0.301807756132683}, {0.001028523190118147, 0.005204433539191644, 2.588307925380906E-5, 0.301807756132683, 0.0}} Observed: BlockRealMatrix{{0.0, 0.014917200614726234, 9.450437341573803E-7, 3.658616964941075E-7, 0.0010285231901181469}, {0.0, 0.0, 9.951515278494583E-8, 1.3045901057218146E-6, 0.005204433539191644}, {0.0, 0.0, 0.0, 4.811397236181847E-8, 2.5883079253885555E-5}, {0.0, 0.0, 0.0, 0.0, 0.3018077561326824}, {0.0, 0.0, 0.0, 0.0, 0.0}} expected - observed: BlockRealMatrix{{0.0, -3.469446951953614E-18, -8.83372778273878E-17, 1.0212803299987187E-16, 2.1684043449710089E-19}, {0.01491720061472623, 0.0, -7.154842306831752E-17, -2.7343494086789696E-17, 0.0}, {9.45043734069043E-7, 9.95151527133974E-8, 0.0, 0.0, -7.649385140064136E-17}, {3.658616965962355E-7, 1.304590105694471E-6, 4.811397236181847E-8, 0.0, 6.106226635438361E-16}, {0.001028523190118147, 0.005204433539191644, 2.588307925380906E-5, 0.301807756132683, 0.0}}-, testPValueNearZero(org.apache.commons.math.stat.correlation.SpearmansRankCorrelationTest): null-, testStdErrorConsistency(org.apache.commons.math.stat.correlation.PearsonsCorrelationTest): expected:<0.014917200614726234> but was:<0.0>-, testSwissFertility(org.apache.commons.math.stat.correlation.PearsonsCorrelationTest): correlation p values Expected: BlockRealMatrix{{0.0, 0.01491720061472623, 9.45043734069043E-7, 3.658616965962355E-7, 0.001028523190118147}, {0.01491720061472623, 0.0, 9.95151527133974E-8, 1.304590105694471E-6, 0.005204433539191644}, {9.45043734069043E-7, 9.95151527133974E-8, 0.0, 4.811397236181847E-8, 2.588307925380906E-5}, {3.658616965962355E-7, 1.304590105694471E-6, 4.811397236181847E-8, 0.0, 0.301807756132683}, {0.001028523190118147, 0.005204433539191644, 2.588307925380906E-5, 0.301807756132683, 0.0}} Observed: BlockRealMatrix{{0.0, 0.014917200614726234, 9.450437341573803E-7, 3.658616964941075E-7, 0.0010285231901181469}, {0.0, 0.0, 9.951515278494583E-8, 1.3045901057218146E-6, 0.005204433539191644}, {0.0, 0.0, 0.0, 4.811397236181847E-8, 2.5883079253885555E-5}, {0.0, 0.0, 0.0, 0.0, 0.3018077561326824}, {0.0, 0.0, 0.0, 0.0, 0.0}} expected - observed: BlockRealMatrix{{0.0, -3.469446951953614E-18, -8.83372778273878E-17, 1.0212803299987187E-16, 2.1684043449710089E-19}, {0.01491720061472623, 0.0, -7.154842306831752E-17, -2.7343494086789696E-17, 0.0}, {9.45043734069043E-7, 9.95151527133974E-8, 0.0, 0.0, -7.649385140064136E-17}, {3.658616965962355E-7, 1.304590105694471E-6, 4.811397236181847E-8, 0.0, 6.106226635438361E-16}, {0.001028523190118147, 0.005204433539191644, 2.588307925380906E-5, 0.301807756132683, 0.0}}-, testPValueNearZero(org.apache.commons.math.stat.correlation.PearsonsCorrelationTest): null-, testLongly(org.apache.commons.math.stat.correlation.PearsonsCorrelationTest): correlation p values Expected: BlockRealMatrix{{0.0, 4.38904690369668E-10, 8.36353208910623E-12, 0.0472894097790304, 0.0749178049642416, 3.693245043123738E-9, 3.95834476307755E-10}, {4.38904690369668E-10, 0.0, 7.8159700933611E-14, 0.01030636128354301, 0.06971758330341182, 4.327782576751815E-11, 1.114663916723657E-13}, {8.36353208910623E-12, 7.8159700933611E-14, 0.0, 0.01316878049026582, 0.0830166169296545, 1.167954621905665E-13, 1.332267629550188E-15}, {0.0472894097790304, 0.01030636128354301, 0.01316878049026582, 0.0, 0.510948586323452, 0.00331028281967516, 0.00466039138541463}, {0.0749178049642416, 0.06971758330341182, 0.0830166169296545, 0.510948586323452, 0.0, 0.1652293725106684, 0.1078477071581498}, {3.693245043123738E-9, 4.327782576751815E-11, 1.167954621905665E-13, 0.00331028281967516, 0.1652293725106684, 0.0, 7.771561172376096E-15}, {3.95834476307755E-10, 1.114663916723657E-13, 1.332267629550188E-15, 0.00466039138541463, 0.1078477071581498, 7.771561172376096E-15, 0.0}} Observed: BlockRealMatrix{{0.0, 4.3890469036966806E-10, 8.36353208910623E-12, 0.04728940977903018, 0.07491780496424161, 3.6932450431237385E-9, 3.958342542631499E-10}, {0.0, 0.0, 7.815970093361102E-14, 0.010306361283543009, 0.06971758330341116, 4.327782576751815E-11, 1.1146639167236572E-13}, {0.0, 0.0, 0.0, 0.013168780490265819, 0.08301661692965379, 1.1679546219056647E-13, 1.3322676295501878E-15}, {0.0, 0.0, 0.0, 0.0, 0.5109485863234526, 0.003310282819675159, 0.004660391385414631}, {0.0, 0.0, 0.0, 0.0, 0.0, 0.1652293725106686, 0.1078477071581494}, {0.0, 0.0, 0.0, 0.0, 0.0, 0.0, 7.771561172376096E-15}, {0.0, 0.0, 0.0, 0.0, 0.0, 0.0, 0.0}} expected - observed: BlockRealMatrix{{0.0, -5.169878828456423E-26, 0.0, 2.220446049250313E-16, -1.3877787807814457E-17, -4.1359030627651384E-25, 2.2204460513182646E-16}, {4.38904690369668E-10, 0.0, -2.5243548967072378E-29, 1.734723475976807E-18, 6.661338147750939E-16, 0.0, -1.2621774483536189E-29}, {8.36353208910623E-12, 7.8159700933611E-14, 0.0, 1.734723475976807E-18, 7.077671781985373E-16, 2.5243548967072378E-29, 1.9721522630525295E-31}, {0.0472894097790304, 0.01030636128354301, 0.01316878049026582, 0.0, -6.661338147750939E-16, 1.3010426069826053E-18, -8.673617379884035E-19}, {0.0749178049642416, 0.06971758330341182, 0.0830166169296545, 0.510948586323452, 0.0, -1.942890293094024E-16, 4.0245584642661925E-16}, {3.693245043123738E-9, 4.327782576751815E-11, 1.167954621905665E-13, 0.00331028281967516, 0.1652293725106684, 0.0, 0.0}, {3.95834476307755E-10, 1.114663916723657E-13, 1.332267629550188E-15, 0.00466039138541463, 0.1078477071581498, 7.771561172376096E-15, 0.0}}-]",,"process:[testSwissFertility(org.apache.commons.math.stat.correlation.SpearmansRankCorrelationTest): correlation p values]hotswap:[testSwissFertility(org.apache.commons.math.stat.correlation.SpearmansRankCorrelationTest): correlation p values Expected: BlockRealMatrix{{0.0, 0.01491720061472623, 9.45043734069043E-7, 3.658616965962355E-7, 0.001028523190118147}, {0.01491720061472623, 0.0, 9.95151527133974E-8, 1.304590105694471E-6, 0.005204433539191644}, {9.45043734069043E-7, 9.95151527133974E-8, 0.0, 4.811397236181847E-8, 2.588307925380906E-5}, {3.658616965962355E-7, 1.304590105694471E-6, 4.811397236181847E-8, 0.0, 0.301807756132683}, {0.001028523190118147, 0.005204433539191644, 2.588307925380906E-5, 0.301807756132683, 0.0}} Observed: BlockRealMatrix{{0.0, 0.014917200614726234, 9.450437341573803E-7, 3.658616964941075E-7, 0.0010285231901181469}, {0.0, 0.0, 9.951515278494583E-8, 1.3045901057218146E-6, 0.005204433539191644}, {0.0, 0.0, 0.0, 4.811397236181847E-8, 2.5883079253885555E-5}, {0.0, 0.0, 0.0, 0.0, 0.3018077561326824}, {0.0, 0.0, 0.0, 0.0, 0.0}} expected - observed: BlockRealMatrix{{0.0, -3.469446951953614E-18, -8.83372778273878E-17, 1.0212803299987187E-16, 2.1684043449710089E-19}, {0.01491720061472623, 0.0, -7.154842306831752E-17, -2.7343494086789696E-17, 0.0}, {9.45043734069043E-7, 9.95151527133974E-8, 0.0, 0.0, -7.649385140064136E-17}, {3.658616965962355E-7, 1.304590105694471E-6, 4.811397236181847E-8, 0.0, 6.106226635438361E-16}, {0.001028523190118147, 0.005204433539191644, 2.588307925380906E-5, 0.301807756132683, 0.0}}-, testPValueNearZero(org.apache.commons.math.stat.correlation.SpearmansRankCorrelationTest): null-, testStdErrorConsistency(org.apache.commons.math.stat.correlation.PearsonsCorrelationTest): expected:<0.014917200614726234> but was:<0.0>-, testSwissFertility(org.apache.commons.math.stat.correlation.PearsonsCorrelationTest): correlation p values Expected: BlockRealMatrix{{0.0, 0.01491720061472623, 9.45043734069043E-7, 3.658616965962355E-7, 0.001028523190118147}, {0.01491720061472623, 0.0, 9.95151527133974E-8, 1.304590105694471E-6, 0.005204433539191644}, {9.45043734069043E-7, 9.95151527133974E-8, 0.0, 4.811397236181847E-8, 2.588307925380906E-5}, {3.658616965962355E-7, 1.304590105694471E-6, 4.811397236181847E-8, 0.0, 0.301807756132683}, {0.001028523190118147, 0.005204433539191644, 2.588307925380906E-5, 0.301807756132683, 0.0}} Observed: BlockRealMatrix{{0.0, 0.014917200614726234, 9.450437341573803E-7, 3.658616964941075E-7, 0.0010285231901181469}, {0.0, 0.0, 9.951515278494583E-8, 1.3045901057218146E-6, 0.005204433539191644}, {0.0, 0.0, 0.0, 4.811397236181847E-8, 2.5883079253885555E-5}, {0.0, 0.0, 0.0, 0.0, 0.3018077561326824}, {0.0, 0.0, 0.0, 0.0, 0.0}} expected - observed: BlockRealMatrix{{0.0, -3.469446951953614E-18, -8.83372778273878E-17, 1.0212803299987187E-16, 2.1684043449710089E-19}, {0.01491720061472623, 0.0, -7.154842306831752E-17, -2.7343494086789696E-17, 0.0}, {9.45043734069043E-7, 9.95151527133974E-8, 0.0, 0.0, -7.649385140064136E-17}, {3.658616965962355E-7, 1.304590105694471E-6, 4.811397236181847E-8, 0.0, 6.106226635438361E-16}, {0.001028523190118147, 0.005204433539191644, 2.588307925380906E-5, 0.301807756132683, 0.0}}-, testPValueNearZero(org.apache.commons.math.stat.correlation.PearsonsCorrelationTest): null-, testLongly(org.apache.commons.math.stat.correlation.PearsonsCorrelationTest): correlation p values Expected: BlockRealMatrix{{0.0, 4.38904690369668E-10, 8.36353208910623E-12, 0.0472894097790304, 0.0749178049642416, 3.693245043123738E-9, 3.95834476307755E-10}, {4.38904690369668E-10, 0.0, 7.8159700933611E-14, 0.01030636128354301, 0.06971758330341182, 4.327782576751815E-11, 1.114663916723657E-13}, {8.36353208910623E-12, 7.8159700933611E-14, 0.0, 0.01316878049026582, 0.0830166169296545, 1.167954621905665E-13, 1.332267629550188E-15}, {0.0472894097790304, 0.01030636128354301, 0.01316878049026582, 0.0, 0.510948586323452, 0.00331028281967516, 0.00466039138541463}, {0.0749178049642416, 0.06971758330341182, 0.0830166169296545, 0.510948586323452, 0.0, 0.1652293725106684, 0.1078477071581498}, {3.693245043123738E-9, 4.327782576751815E-11, 1.167954621905665E-13, 0.00331028281967516, 0.1652293725106684, 0.0, 7.771561172376096E-15}, {3.95834476307755E-10, 1.114663916723657E-13, 1.332267629550188E-15, 0.00466039138541463, 0.1078477071581498, 7.771561172376096E-15, 0.0}} Observed: BlockRealMatrix{{0.0, 4.3890469036966806E-10, 8.36353208910623E-12, 0.04728940977903018, 0.07491780496424161, 3.6932450431237385E-9, 3.958342542631499E-10}, {0.0, 0.0, 7.815970093361102E-14, 0.010306361283543009, 0.06971758330341116, 4.327782576751815E-11, 1.1146639167236572E-13}, {0.0, 0.0, 0.0, 0.013168780490265819, 0.08301661692965379, 1.1679546219056647E-13, 1.3322676295501878E-15}, {0.0, 0.0, 0.0, 0.0, 0.5109485863234526, 0.003310282819675159, 0.004660391385414631}, {0.0, 0.0, 0.0, 0.0, 0.0, 0.1652293725106686, 0.1078477071581494}, {0.0, 0.0, 0.0, 0.0, 0.0, 0.0, 7.771561172376096E-15}, {0.0, 0.0, 0.0, 0.0, 0.0, 0.0, 0.0}} expected - observed: BlockRealMatrix{{0.0, -5.169878828456423E-26, 0.0, 2.220446049250313E-16, -1.3877787807814457E-17, -4.1359030627651384E-25, 2.2204460513182646E-16}, {4.38904690369668E-10, 0.0, -2.5243548967072378E-29, 1.734723475976807E-18, 6.661338147750939E-16, 0.0, -1.2621774483536189E-29}, {8.36353208910623E-12, 7.8159700933611E-14, 0.0, 1.734723475976807E-18, 7.077671781985373E-16, 2.5243548967072378E-29, 1.9721522630525295E-31}, {0.0472894097790304, 0.01030636128354301, 0.01316878049026582, 0.0, -6.661338147750939E-16, 1.3010426069826053E-18, -8.673617379884035E-19}, {0.0749178049642416, 0.06971758330341182, 0.0830166169296545, 0.510948586323452, 0.0, -1.942890293094024E-16, 4.0245584642661925E-16}, {3.693245043123738E-9, 4.327782576751815E-11, 1.167954621905665E-13, 0.00331028281967516, 0.1652293725106684, 0.0, 0.0}, {3.95834476307755E-10, 1.114663916723657E-13, 1.332267629550188E-15, 0.00466039138541463, 0.1078477071581498, 7.771561172376096E-15, 0.0}}-]"
