id,compile_time,compile_result,process_failing_time,process_failing_result,process_failing_count,process_failing_cases,process_regression_time,process_regression_result,hotswap_time,hotswap_length,hotswap_failing_time,hotswap_failing_result,hotswap_failing_count,hotswap_failing_cases,hotswap_regression_time,side_effect
2,15,true,134,false,6,[testSwissFertility(org.apache.commons.math.stat.correlation.SpearmansRankCorrelationTest): correlation p values],,,3,3442,12,false,6,"[testSwissFertility(org.apache.commons.math.stat.correlation.SpearmansRankCorrelationTest): correlation p values Expected: BlockRealMatrix{{0.0, 0.01491720061472623, 9.45043734069043E-7, 3.658616965962355E-7, 0.001028523190118147}, {0.01491720061472623, 0.0, 9.95151527133974E-8, 1.304590105694471E-6, 0.005204433539191644}, {9.45043734069043E-7, 9.95151527133974E-8, 0.0, 4.811397236181847E-8, 2.588307925380906E-5}, {3.658616965962355E-7, 1.304590105694471E-6, 4.811397236181847E-8, 0.0, 0.301807756132683}, {0.001028523190118147, 0.005204433539191644, 2.588307925380906E-5, 0.301807756132683, 0.0}} Observed: BlockRealMatrix{{0.0, 0.0, 0.0, 0.0, 0.0}, {0.0, 0.0, 0.0, 0.0, 0.0}, {0.0, 0.0, 0.0, 0.0, 0.0}, {0.0, 0.0, 0.0, 0.0, 0.0}, {0.0, 0.0, 0.0, 0.0, 0.0}} expected - observed: BlockRealMatrix{{0.0, 0.01491720061472623, 9.45043734069043E-7, 3.658616965962355E-7, 0.001028523190118147}, {0.01491720061472623, 0.0, 9.95151527133974E-8, 1.304590105694471E-6, 0.005204433539191644}, {9.45043734069043E-7, 9.95151527133974E-8, 0.0, 4.811397236181847E-8, 2.588307925380906E-5}, {3.658616965962355E-7, 1.304590105694471E-6, 4.811397236181847E-8, 0.0, 0.301807756132683}, {0.001028523190118147, 0.005204433539191644, 2.588307925380906E-5, 0.301807756132683, 0.0}}-, testPValueNearZero(org.apache.commons.math.stat.correlation.SpearmansRankCorrelationTest): null-, testStdErrorConsistency(org.apache.commons.math.stat.correlation.PearsonsCorrelationTest): expected:<0.014917200614726234> but was:<0.0>-, testSwissFertility(org.apache.commons.math.stat.correlation.PearsonsCorrelationTest): correlation p values Expected: BlockRealMatrix{{0.0, 0.01491720061472623, 9.45043734069043E-7, 3.658616965962355E-7, 0.001028523190118147}, {0.01491720061472623, 0.0, 9.95151527133974E-8, 1.304590105694471E-6, 0.005204433539191644}, {9.45043734069043E-7, 9.95151527133974E-8, 0.0, 4.811397236181847E-8, 2.588307925380906E-5}, {3.658616965962355E-7, 1.304590105694471E-6, 4.811397236181847E-8, 0.0, 0.301807756132683}, {0.001028523190118147, 0.005204433539191644, 2.588307925380906E-5, 0.301807756132683, 0.0}} Observed: BlockRealMatrix{{0.0, 0.0, 0.0, 0.0, 0.0}, {0.0, 0.0, 0.0, 0.0, 0.0}, {0.0, 0.0, 0.0, 0.0, 0.0}, {0.0, 0.0, 0.0, 0.0, 0.0}, {0.0, 0.0, 0.0, 0.0, 0.0}} expected - observed: BlockRealMatrix{{0.0, 0.01491720061472623, 9.45043734069043E-7, 3.658616965962355E-7, 0.001028523190118147}, {0.01491720061472623, 0.0, 9.95151527133974E-8, 1.304590105694471E-6, 0.005204433539191644}, {9.45043734069043E-7, 9.95151527133974E-8, 0.0, 4.811397236181847E-8, 2.588307925380906E-5}, {3.658616965962355E-7, 1.304590105694471E-6, 4.811397236181847E-8, 0.0, 0.301807756132683}, {0.001028523190118147, 0.005204433539191644, 2.588307925380906E-5, 0.301807756132683, 0.0}}-, testPValueNearZero(org.apache.commons.math.stat.correlation.PearsonsCorrelationTest): null-, testLongly(org.apache.commons.math.stat.correlation.PearsonsCorrelationTest): correlation p values Expected: BlockRealMatrix{{0.0, 4.38904690369668E-10, 8.36353208910623E-12, 0.0472894097790304, 0.0749178049642416, 3.693245043123738E-9, 3.95834476307755E-10}, {4.38904690369668E-10, 0.0, 7.8159700933611E-14, 0.01030636128354301, 0.06971758330341182, 4.327782576751815E-11, 1.114663916723657E-13}, {8.36353208910623E-12, 7.8159700933611E-14, 0.0, 0.01316878049026582, 0.0830166169296545, 1.167954621905665E-13, 1.332267629550188E-15}, {0.0472894097790304, 0.01030636128354301, 0.01316878049026582, 0.0, 0.510948586323452, 0.00331028281967516, 0.00466039138541463}, {0.0749178049642416, 0.06971758330341182, 0.0830166169296545, 0.510948586323452, 0.0, 0.1652293725106684, 0.1078477071581498}, {3.693245043123738E-9, 4.327782576751815E-11, 1.167954621905665E-13, 0.00331028281967516, 0.1652293725106684, 0.0, 7.771561172376096E-15}, {3.95834476307755E-10, 1.114663916723657E-13, 1.332267629550188E-15, 0.00466039138541463, 0.1078477071581498, 7.771561172376096E-15, 0.0}} Observed: BlockRealMatrix{{0.0, 0.0, 0.0, 0.0, 0.0, 0.0, 0.0}, {0.0, 0.0, 0.0, 0.0, 0.0, 0.0, 0.0}, {0.0, 0.0, 0.0, 0.0, 0.0, 0.0, 0.0}, {0.0, 0.0, 0.0, 0.0, 0.0, 0.0, 0.0}, {0.0, 0.0, 0.0, 0.0, 0.0, 0.0, 0.0}, {0.0, 0.0, 0.0, 0.0, 0.0, 0.0, 0.0}, {0.0, 0.0, 0.0, 0.0, 0.0, 0.0, 0.0}} expected - observed: BlockRealMatrix{{0.0, 4.38904690369668E-10, 8.36353208910623E-12, 0.0472894097790304, 0.0749178049642416, 3.693245043123738E-9, 3.95834476307755E-10}, {4.38904690369668E-10, 0.0, 7.8159700933611E-14, 0.01030636128354301, 0.06971758330341182, 4.327782576751815E-11, 1.114663916723657E-13}, {8.36353208910623E-12, 7.8159700933611E-14, 0.0, 0.01316878049026582, 0.0830166169296545, 1.167954621905665E-13, 1.332267629550188E-15}, {0.0472894097790304, 0.01030636128354301, 0.01316878049026582, 0.0, 0.510948586323452, 0.00331028281967516, 0.00466039138541463}, {0.0749178049642416, 0.06971758330341182, 0.0830166169296545, 0.510948586323452, 0.0, 0.1652293725106684, 0.1078477071581498}, {3.693245043123738E-9, 4.327782576751815E-11, 1.167954621905665E-13, 0.00331028281967516, 0.1652293725106684, 0.0, 7.771561172376096E-15}, {3.95834476307755E-10, 1.114663916723657E-13, 1.332267629550188E-15, 0.00466039138541463, 0.1078477071581498, 7.771561172376096E-15, 0.0}}-]",,"process:[testSwissFertility(org.apache.commons.math.stat.correlation.SpearmansRankCorrelationTest): correlation p values]hotswap:[testSwissFertility(org.apache.commons.math.stat.correlation.SpearmansRankCorrelationTest): correlation p values Expected: BlockRealMatrix{{0.0, 0.01491720061472623, 9.45043734069043E-7, 3.658616965962355E-7, 0.001028523190118147}, {0.01491720061472623, 0.0, 9.95151527133974E-8, 1.304590105694471E-6, 0.005204433539191644}, {9.45043734069043E-7, 9.95151527133974E-8, 0.0, 4.811397236181847E-8, 2.588307925380906E-5}, {3.658616965962355E-7, 1.304590105694471E-6, 4.811397236181847E-8, 0.0, 0.301807756132683}, {0.001028523190118147, 0.005204433539191644, 2.588307925380906E-5, 0.301807756132683, 0.0}} Observed: BlockRealMatrix{{0.0, 0.0, 0.0, 0.0, 0.0}, {0.0, 0.0, 0.0, 0.0, 0.0}, {0.0, 0.0, 0.0, 0.0, 0.0}, {0.0, 0.0, 0.0, 0.0, 0.0}, {0.0, 0.0, 0.0, 0.0, 0.0}} expected - observed: BlockRealMatrix{{0.0, 0.01491720061472623, 9.45043734069043E-7, 3.658616965962355E-7, 0.001028523190118147}, {0.01491720061472623, 0.0, 9.95151527133974E-8, 1.304590105694471E-6, 0.005204433539191644}, {9.45043734069043E-7, 9.95151527133974E-8, 0.0, 4.811397236181847E-8, 2.588307925380906E-5}, {3.658616965962355E-7, 1.304590105694471E-6, 4.811397236181847E-8, 0.0, 0.301807756132683}, {0.001028523190118147, 0.005204433539191644, 2.588307925380906E-5, 0.301807756132683, 0.0}}-, testPValueNearZero(org.apache.commons.math.stat.correlation.SpearmansRankCorrelationTest): null-, testStdErrorConsistency(org.apache.commons.math.stat.correlation.PearsonsCorrelationTest): expected:<0.014917200614726234> but was:<0.0>-, testSwissFertility(org.apache.commons.math.stat.correlation.PearsonsCorrelationTest): correlation p values Expected: BlockRealMatrix{{0.0, 0.01491720061472623, 9.45043734069043E-7, 3.658616965962355E-7, 0.001028523190118147}, {0.01491720061472623, 0.0, 9.95151527133974E-8, 1.304590105694471E-6, 0.005204433539191644}, {9.45043734069043E-7, 9.95151527133974E-8, 0.0, 4.811397236181847E-8, 2.588307925380906E-5}, {3.658616965962355E-7, 1.304590105694471E-6, 4.811397236181847E-8, 0.0, 0.301807756132683}, {0.001028523190118147, 0.005204433539191644, 2.588307925380906E-5, 0.301807756132683, 0.0}} Observed: BlockRealMatrix{{0.0, 0.0, 0.0, 0.0, 0.0}, {0.0, 0.0, 0.0, 0.0, 0.0}, {0.0, 0.0, 0.0, 0.0, 0.0}, {0.0, 0.0, 0.0, 0.0, 0.0}, {0.0, 0.0, 0.0, 0.0, 0.0}} expected - observed: BlockRealMatrix{{0.0, 0.01491720061472623, 9.45043734069043E-7, 3.658616965962355E-7, 0.001028523190118147}, {0.01491720061472623, 0.0, 9.95151527133974E-8, 1.304590105694471E-6, 0.005204433539191644}, {9.45043734069043E-7, 9.95151527133974E-8, 0.0, 4.811397236181847E-8, 2.588307925380906E-5}, {3.658616965962355E-7, 1.304590105694471E-6, 4.811397236181847E-8, 0.0, 0.301807756132683}, {0.001028523190118147, 0.005204433539191644, 2.588307925380906E-5, 0.301807756132683, 0.0}}-, testPValueNearZero(org.apache.commons.math.stat.correlation.PearsonsCorrelationTest): null-, testLongly(org.apache.commons.math.stat.correlation.PearsonsCorrelationTest): correlation p values Expected: BlockRealMatrix{{0.0, 4.38904690369668E-10, 8.36353208910623E-12, 0.0472894097790304, 0.0749178049642416, 3.693245043123738E-9, 3.95834476307755E-10}, {4.38904690369668E-10, 0.0, 7.8159700933611E-14, 0.01030636128354301, 0.06971758330341182, 4.327782576751815E-11, 1.114663916723657E-13}, {8.36353208910623E-12, 7.8159700933611E-14, 0.0, 0.01316878049026582, 0.0830166169296545, 1.167954621905665E-13, 1.332267629550188E-15}, {0.0472894097790304, 0.01030636128354301, 0.01316878049026582, 0.0, 0.510948586323452, 0.00331028281967516, 0.00466039138541463}, {0.0749178049642416, 0.06971758330341182, 0.0830166169296545, 0.510948586323452, 0.0, 0.1652293725106684, 0.1078477071581498}, {3.693245043123738E-9, 4.327782576751815E-11, 1.167954621905665E-13, 0.00331028281967516, 0.1652293725106684, 0.0, 7.771561172376096E-15}, {3.95834476307755E-10, 1.114663916723657E-13, 1.332267629550188E-15, 0.00466039138541463, 0.1078477071581498, 7.771561172376096E-15, 0.0}} Observed: BlockRealMatrix{{0.0, 0.0, 0.0, 0.0, 0.0, 0.0, 0.0}, {0.0, 0.0, 0.0, 0.0, 0.0, 0.0, 0.0}, {0.0, 0.0, 0.0, 0.0, 0.0, 0.0, 0.0}, {0.0, 0.0, 0.0, 0.0, 0.0, 0.0, 0.0}, {0.0, 0.0, 0.0, 0.0, 0.0, 0.0, 0.0}, {0.0, 0.0, 0.0, 0.0, 0.0, 0.0, 0.0}, {0.0, 0.0, 0.0, 0.0, 0.0, 0.0, 0.0}} expected - observed: BlockRealMatrix{{0.0, 4.38904690369668E-10, 8.36353208910623E-12, 0.0472894097790304, 0.0749178049642416, 3.693245043123738E-9, 3.95834476307755E-10}, {4.38904690369668E-10, 0.0, 7.8159700933611E-14, 0.01030636128354301, 0.06971758330341182, 4.327782576751815E-11, 1.114663916723657E-13}, {8.36353208910623E-12, 7.8159700933611E-14, 0.0, 0.01316878049026582, 0.0830166169296545, 1.167954621905665E-13, 1.332267629550188E-15}, {0.0472894097790304, 0.01030636128354301, 0.01316878049026582, 0.0, 0.510948586323452, 0.00331028281967516, 0.00466039138541463}, {0.0749178049642416, 0.06971758330341182, 0.0830166169296545, 0.510948586323452, 0.0, 0.1652293725106684, 0.1078477071581498}, {3.693245043123738E-9, 4.327782576751815E-11, 1.167954621905665E-13, 0.00331028281967516, 0.1652293725106684, 0.0, 7.771561172376096E-15}, {3.95834476307755E-10, 1.114663916723657E-13, 1.332267629550188E-15, 0.00466039138541463, 0.1078477071581498, 7.771561172376096E-15, 0.0}}-]"
3,19,true,150,false,6,[testSwissFertility(org.apache.commons.math.stat.correlation.SpearmansRankCorrelationTest): correlation p values],,,3,3461,8,false,6,"[testSwissFertility(org.apache.commons.math.stat.correlation.SpearmansRankCorrelationTest): correlation p values Expected: BlockRealMatrix{{0.0, 0.01491720061472623, 9.45043734069043E-7, 3.658616965962355E-7, 0.001028523190118147}, {0.01491720061472623, 0.0, 9.95151527133974E-8, 1.304590105694471E-6, 0.005204433539191644}, {9.45043734069043E-7, 9.95151527133974E-8, 0.0, 4.811397236181847E-8, 2.588307925380906E-5}, {3.658616965962355E-7, 1.304590105694471E-6, 4.811397236181847E-8, 0.0, 0.301807756132683}, {0.001028523190118147, 0.005204433539191644, 2.588307925380906E-5, 0.301807756132683, 0.0}} Observed: BlockRealMatrix{{0.0, 0.0, 0.0, 0.0, 0.0}, {0.0, 0.0, 0.0, 0.0, 0.0}, {0.0, 0.0, 0.0, 0.0, 0.0}, {0.0, 0.0, 0.0, 0.0, 0.0}, {0.0, 0.0, 0.0, 0.0, 0.0}} expected - observed: BlockRealMatrix{{0.0, 0.01491720061472623, 9.45043734069043E-7, 3.658616965962355E-7, 0.001028523190118147}, {0.01491720061472623, 0.0, 9.95151527133974E-8, 1.304590105694471E-6, 0.005204433539191644}, {9.45043734069043E-7, 9.95151527133974E-8, 0.0, 4.811397236181847E-8, 2.588307925380906E-5}, {3.658616965962355E-7, 1.304590105694471E-6, 4.811397236181847E-8, 0.0, 0.301807756132683}, {0.001028523190118147, 0.005204433539191644, 2.588307925380906E-5, 0.301807756132683, 0.0}}-, testPValueNearZero(org.apache.commons.math.stat.correlation.SpearmansRankCorrelationTest): null-, testStdErrorConsistency(org.apache.commons.math.stat.correlation.PearsonsCorrelationTest): expected:<0.014917200614726234> but was:<0.0>-, testSwissFertility(org.apache.commons.math.stat.correlation.PearsonsCorrelationTest): correlation p values Expected: BlockRealMatrix{{0.0, 0.01491720061472623, 9.45043734069043E-7, 3.658616965962355E-7, 0.001028523190118147}, {0.01491720061472623, 0.0, 9.95151527133974E-8, 1.304590105694471E-6, 0.005204433539191644}, {9.45043734069043E-7, 9.95151527133974E-8, 0.0, 4.811397236181847E-8, 2.588307925380906E-5}, {3.658616965962355E-7, 1.304590105694471E-6, 4.811397236181847E-8, 0.0, 0.301807756132683}, {0.001028523190118147, 0.005204433539191644, 2.588307925380906E-5, 0.301807756132683, 0.0}} Observed: BlockRealMatrix{{0.0, 0.0, 0.0, 0.0, 0.0}, {0.0, 0.0, 0.0, 0.0, 0.0}, {0.0, 0.0, 0.0, 0.0, 0.0}, {0.0, 0.0, 0.0, 0.0, 0.0}, {0.0, 0.0, 0.0, 0.0, 0.0}} expected - observed: BlockRealMatrix{{0.0, 0.01491720061472623, 9.45043734069043E-7, 3.658616965962355E-7, 0.001028523190118147}, {0.01491720061472623, 0.0, 9.95151527133974E-8, 1.304590105694471E-6, 0.005204433539191644}, {9.45043734069043E-7, 9.95151527133974E-8, 0.0, 4.811397236181847E-8, 2.588307925380906E-5}, {3.658616965962355E-7, 1.304590105694471E-6, 4.811397236181847E-8, 0.0, 0.301807756132683}, {0.001028523190118147, 0.005204433539191644, 2.588307925380906E-5, 0.301807756132683, 0.0}}-, testPValueNearZero(org.apache.commons.math.stat.correlation.PearsonsCorrelationTest): null-, testLongly(org.apache.commons.math.stat.correlation.PearsonsCorrelationTest): correlation p values Expected: BlockRealMatrix{{0.0, 4.38904690369668E-10, 8.36353208910623E-12, 0.0472894097790304, 0.0749178049642416, 3.693245043123738E-9, 3.95834476307755E-10}, {4.38904690369668E-10, 0.0, 7.8159700933611E-14, 0.01030636128354301, 0.06971758330341182, 4.327782576751815E-11, 1.114663916723657E-13}, {8.36353208910623E-12, 7.8159700933611E-14, 0.0, 0.01316878049026582, 0.0830166169296545, 1.167954621905665E-13, 1.332267629550188E-15}, {0.0472894097790304, 0.01030636128354301, 0.01316878049026582, 0.0, 0.510948586323452, 0.00331028281967516, 0.00466039138541463}, {0.0749178049642416, 0.06971758330341182, 0.0830166169296545, 0.510948586323452, 0.0, 0.1652293725106684, 0.1078477071581498}, {3.693245043123738E-9, 4.327782576751815E-11, 1.167954621905665E-13, 0.00331028281967516, 0.1652293725106684, 0.0, 7.771561172376096E-15}, {3.95834476307755E-10, 1.114663916723657E-13, 1.332267629550188E-15, 0.00466039138541463, 0.1078477071581498, 7.771561172376096E-15, 0.0}} Observed: BlockRealMatrix{{0.0, 0.0, 0.0, 0.0, 0.0, 0.0, 0.0}, {0.0, 0.0, 0.0, 0.0, 0.0, 0.0, 0.0}, {0.0, 0.0, 0.0, 0.0, 0.0, 0.0, 0.0}, {0.0, 0.0, 0.0, 0.0, 0.0, 0.0, 0.0}, {0.0, 0.0, 0.0, 0.0, 0.0, 0.0, 0.0}, {0.0, 0.0, 0.0, 0.0, 0.0, 0.0, 0.0}, {0.0, 0.0, 0.0, 0.0, 0.0, 0.0, 0.0}} expected - observed: BlockRealMatrix{{0.0, 4.38904690369668E-10, 8.36353208910623E-12, 0.0472894097790304, 0.0749178049642416, 3.693245043123738E-9, 3.95834476307755E-10}, {4.38904690369668E-10, 0.0, 7.8159700933611E-14, 0.01030636128354301, 0.06971758330341182, 4.327782576751815E-11, 1.114663916723657E-13}, {8.36353208910623E-12, 7.8159700933611E-14, 0.0, 0.01316878049026582, 0.0830166169296545, 1.167954621905665E-13, 1.332267629550188E-15}, {0.0472894097790304, 0.01030636128354301, 0.01316878049026582, 0.0, 0.510948586323452, 0.00331028281967516, 0.00466039138541463}, {0.0749178049642416, 0.06971758330341182, 0.0830166169296545, 0.510948586323452, 0.0, 0.1652293725106684, 0.1078477071581498}, {3.693245043123738E-9, 4.327782576751815E-11, 1.167954621905665E-13, 0.00331028281967516, 0.1652293725106684, 0.0, 7.771561172376096E-15}, {3.95834476307755E-10, 1.114663916723657E-13, 1.332267629550188E-15, 0.00466039138541463, 0.1078477071581498, 7.771561172376096E-15, 0.0}}-]",,"process:[testSwissFertility(org.apache.commons.math.stat.correlation.SpearmansRankCorrelationTest): correlation p values]hotswap:[testSwissFertility(org.apache.commons.math.stat.correlation.SpearmansRankCorrelationTest): correlation p values Expected: BlockRealMatrix{{0.0, 0.01491720061472623, 9.45043734069043E-7, 3.658616965962355E-7, 0.001028523190118147}, {0.01491720061472623, 0.0, 9.95151527133974E-8, 1.304590105694471E-6, 0.005204433539191644}, {9.45043734069043E-7, 9.95151527133974E-8, 0.0, 4.811397236181847E-8, 2.588307925380906E-5}, {3.658616965962355E-7, 1.304590105694471E-6, 4.811397236181847E-8, 0.0, 0.301807756132683}, {0.001028523190118147, 0.005204433539191644, 2.588307925380906E-5, 0.301807756132683, 0.0}} Observed: BlockRealMatrix{{0.0, 0.0, 0.0, 0.0, 0.0}, {0.0, 0.0, 0.0, 0.0, 0.0}, {0.0, 0.0, 0.0, 0.0, 0.0}, {0.0, 0.0, 0.0, 0.0, 0.0}, {0.0, 0.0, 0.0, 0.0, 0.0}} expected - observed: BlockRealMatrix{{0.0, 0.01491720061472623, 9.45043734069043E-7, 3.658616965962355E-7, 0.001028523190118147}, {0.01491720061472623, 0.0, 9.95151527133974E-8, 1.304590105694471E-6, 0.005204433539191644}, {9.45043734069043E-7, 9.95151527133974E-8, 0.0, 4.811397236181847E-8, 2.588307925380906E-5}, {3.658616965962355E-7, 1.304590105694471E-6, 4.811397236181847E-8, 0.0, 0.301807756132683}, {0.001028523190118147, 0.005204433539191644, 2.588307925380906E-5, 0.301807756132683, 0.0}}-, testPValueNearZero(org.apache.commons.math.stat.correlation.SpearmansRankCorrelationTest): null-, testStdErrorConsistency(org.apache.commons.math.stat.correlation.PearsonsCorrelationTest): expected:<0.014917200614726234> but was:<0.0>-, testSwissFertility(org.apache.commons.math.stat.correlation.PearsonsCorrelationTest): correlation p values Expected: BlockRealMatrix{{0.0, 0.01491720061472623, 9.45043734069043E-7, 3.658616965962355E-7, 0.001028523190118147}, {0.01491720061472623, 0.0, 9.95151527133974E-8, 1.304590105694471E-6, 0.005204433539191644}, {9.45043734069043E-7, 9.95151527133974E-8, 0.0, 4.811397236181847E-8, 2.588307925380906E-5}, {3.658616965962355E-7, 1.304590105694471E-6, 4.811397236181847E-8, 0.0, 0.301807756132683}, {0.001028523190118147, 0.005204433539191644, 2.588307925380906E-5, 0.301807756132683, 0.0}} Observed: BlockRealMatrix{{0.0, 0.0, 0.0, 0.0, 0.0}, {0.0, 0.0, 0.0, 0.0, 0.0}, {0.0, 0.0, 0.0, 0.0, 0.0}, {0.0, 0.0, 0.0, 0.0, 0.0}, {0.0, 0.0, 0.0, 0.0, 0.0}} expected - observed: BlockRealMatrix{{0.0, 0.01491720061472623, 9.45043734069043E-7, 3.658616965962355E-7, 0.001028523190118147}, {0.01491720061472623, 0.0, 9.95151527133974E-8, 1.304590105694471E-6, 0.005204433539191644}, {9.45043734069043E-7, 9.95151527133974E-8, 0.0, 4.811397236181847E-8, 2.588307925380906E-5}, {3.658616965962355E-7, 1.304590105694471E-6, 4.811397236181847E-8, 0.0, 0.301807756132683}, {0.001028523190118147, 0.005204433539191644, 2.588307925380906E-5, 0.301807756132683, 0.0}}-, testPValueNearZero(org.apache.commons.math.stat.correlation.PearsonsCorrelationTest): null-, testLongly(org.apache.commons.math.stat.correlation.PearsonsCorrelationTest): correlation p values Expected: BlockRealMatrix{{0.0, 4.38904690369668E-10, 8.36353208910623E-12, 0.0472894097790304, 0.0749178049642416, 3.693245043123738E-9, 3.95834476307755E-10}, {4.38904690369668E-10, 0.0, 7.8159700933611E-14, 0.01030636128354301, 0.06971758330341182, 4.327782576751815E-11, 1.114663916723657E-13}, {8.36353208910623E-12, 7.8159700933611E-14, 0.0, 0.01316878049026582, 0.0830166169296545, 1.167954621905665E-13, 1.332267629550188E-15}, {0.0472894097790304, 0.01030636128354301, 0.01316878049026582, 0.0, 0.510948586323452, 0.00331028281967516, 0.00466039138541463}, {0.0749178049642416, 0.06971758330341182, 0.0830166169296545, 0.510948586323452, 0.0, 0.1652293725106684, 0.1078477071581498}, {3.693245043123738E-9, 4.327782576751815E-11, 1.167954621905665E-13, 0.00331028281967516, 0.1652293725106684, 0.0, 7.771561172376096E-15}, {3.95834476307755E-10, 1.114663916723657E-13, 1.332267629550188E-15, 0.00466039138541463, 0.1078477071581498, 7.771561172376096E-15, 0.0}} Observed: BlockRealMatrix{{0.0, 0.0, 0.0, 0.0, 0.0, 0.0, 0.0}, {0.0, 0.0, 0.0, 0.0, 0.0, 0.0, 0.0}, {0.0, 0.0, 0.0, 0.0, 0.0, 0.0, 0.0}, {0.0, 0.0, 0.0, 0.0, 0.0, 0.0, 0.0}, {0.0, 0.0, 0.0, 0.0, 0.0, 0.0, 0.0}, {0.0, 0.0, 0.0, 0.0, 0.0, 0.0, 0.0}, {0.0, 0.0, 0.0, 0.0, 0.0, 0.0, 0.0}} expected - observed: BlockRealMatrix{{0.0, 4.38904690369668E-10, 8.36353208910623E-12, 0.0472894097790304, 0.0749178049642416, 3.693245043123738E-9, 3.95834476307755E-10}, {4.38904690369668E-10, 0.0, 7.8159700933611E-14, 0.01030636128354301, 0.06971758330341182, 4.327782576751815E-11, 1.114663916723657E-13}, {8.36353208910623E-12, 7.8159700933611E-14, 0.0, 0.01316878049026582, 0.0830166169296545, 1.167954621905665E-13, 1.332267629550188E-15}, {0.0472894097790304, 0.01030636128354301, 0.01316878049026582, 0.0, 0.510948586323452, 0.00331028281967516, 0.00466039138541463}, {0.0749178049642416, 0.06971758330341182, 0.0830166169296545, 0.510948586323452, 0.0, 0.1652293725106684, 0.1078477071581498}, {3.693245043123738E-9, 4.327782576751815E-11, 1.167954621905665E-13, 0.00331028281967516, 0.1652293725106684, 0.0, 7.771561172376096E-15}, {3.95834476307755E-10, 1.114663916723657E-13, 1.332267629550188E-15, 0.00466039138541463, 0.1078477071581498, 7.771561172376096E-15, 0.0}}-]"
4,18,true,119,false,6,[testSwissFertility(org.apache.commons.math.stat.correlation.SpearmansRankCorrelationTest): correlation p values],,,2,3500,8,false,6,"[testSwissFertility(org.apache.commons.math.stat.correlation.SpearmansRankCorrelationTest): correlation p values Expected: BlockRealMatrix{{0.0, 0.01491720061472623, 9.45043734069043E-7, 3.658616965962355E-7, 0.001028523190118147}, {0.01491720061472623, 0.0, 9.95151527133974E-8, 1.304590105694471E-6, 0.005204433539191644}, {9.45043734069043E-7, 9.95151527133974E-8, 0.0, 4.811397236181847E-8, 2.588307925380906E-5}, {3.658616965962355E-7, 1.304590105694471E-6, 4.811397236181847E-8, 0.0, 0.301807756132683}, {0.001028523190118147, 0.005204433539191644, 2.588307925380906E-5, 0.301807756132683, 0.0}} Observed: BlockRealMatrix{{0.0, 0.0, 0.0, 0.0, 0.0}, {0.0, 0.0, 0.0, 0.0, 0.0}, {0.0, 0.0, 0.0, 0.0, 0.0}, {0.0, 0.0, 0.0, 0.0, 0.0}, {0.0, 0.0, 0.0, 0.0, 0.0}} expected - observed: BlockRealMatrix{{0.0, 0.01491720061472623, 9.45043734069043E-7, 3.658616965962355E-7, 0.001028523190118147}, {0.01491720061472623, 0.0, 9.95151527133974E-8, 1.304590105694471E-6, 0.005204433539191644}, {9.45043734069043E-7, 9.95151527133974E-8, 0.0, 4.811397236181847E-8, 2.588307925380906E-5}, {3.658616965962355E-7, 1.304590105694471E-6, 4.811397236181847E-8, 0.0, 0.301807756132683}, {0.001028523190118147, 0.005204433539191644, 2.588307925380906E-5, 0.301807756132683, 0.0}}-, testPValueNearZero(org.apache.commons.math.stat.correlation.SpearmansRankCorrelationTest): null-, testStdErrorConsistency(org.apache.commons.math.stat.correlation.PearsonsCorrelationTest): expected:<0.014917200614726234> but was:<0.0>-, testSwissFertility(org.apache.commons.math.stat.correlation.PearsonsCorrelationTest): correlation p values Expected: BlockRealMatrix{{0.0, 0.01491720061472623, 9.45043734069043E-7, 3.658616965962355E-7, 0.001028523190118147}, {0.01491720061472623, 0.0, 9.95151527133974E-8, 1.304590105694471E-6, 0.005204433539191644}, {9.45043734069043E-7, 9.95151527133974E-8, 0.0, 4.811397236181847E-8, 2.588307925380906E-5}, {3.658616965962355E-7, 1.304590105694471E-6, 4.811397236181847E-8, 0.0, 0.301807756132683}, {0.001028523190118147, 0.005204433539191644, 2.588307925380906E-5, 0.301807756132683, 0.0}} Observed: BlockRealMatrix{{0.0, 0.0, 0.0, 0.0, 0.0}, {0.0, 0.0, 0.0, 0.0, 0.0}, {0.0, 0.0, 0.0, 0.0, 0.0}, {0.0, 0.0, 0.0, 0.0, 0.0}, {0.0, 0.0, 0.0, 0.0, 0.0}} expected - observed: BlockRealMatrix{{0.0, 0.01491720061472623, 9.45043734069043E-7, 3.658616965962355E-7, 0.001028523190118147}, {0.01491720061472623, 0.0, 9.95151527133974E-8, 1.304590105694471E-6, 0.005204433539191644}, {9.45043734069043E-7, 9.95151527133974E-8, 0.0, 4.811397236181847E-8, 2.588307925380906E-5}, {3.658616965962355E-7, 1.304590105694471E-6, 4.811397236181847E-8, 0.0, 0.301807756132683}, {0.001028523190118147, 0.005204433539191644, 2.588307925380906E-5, 0.301807756132683, 0.0}}-, testPValueNearZero(org.apache.commons.math.stat.correlation.PearsonsCorrelationTest): null-, testLongly(org.apache.commons.math.stat.correlation.PearsonsCorrelationTest): correlation p values Expected: BlockRealMatrix{{0.0, 4.38904690369668E-10, 8.36353208910623E-12, 0.0472894097790304, 0.0749178049642416, 3.693245043123738E-9, 3.95834476307755E-10}, {4.38904690369668E-10, 0.0, 7.8159700933611E-14, 0.01030636128354301, 0.06971758330341182, 4.327782576751815E-11, 1.114663916723657E-13}, {8.36353208910623E-12, 7.8159700933611E-14, 0.0, 0.01316878049026582, 0.0830166169296545, 1.167954621905665E-13, 1.332267629550188E-15}, {0.0472894097790304, 0.01030636128354301, 0.01316878049026582, 0.0, 0.510948586323452, 0.00331028281967516, 0.00466039138541463}, {0.0749178049642416, 0.06971758330341182, 0.0830166169296545, 0.510948586323452, 0.0, 0.1652293725106684, 0.1078477071581498}, {3.693245043123738E-9, 4.327782576751815E-11, 1.167954621905665E-13, 0.00331028281967516, 0.1652293725106684, 0.0, 7.771561172376096E-15}, {3.95834476307755E-10, 1.114663916723657E-13, 1.332267629550188E-15, 0.00466039138541463, 0.1078477071581498, 7.771561172376096E-15, 0.0}} Observed: BlockRealMatrix{{0.0, 0.0, 0.0, 0.0, 0.0, 0.0, 0.0}, {0.0, 0.0, 0.0, 0.0, 0.0, 0.0, 0.0}, {0.0, 0.0, 0.0, 0.0, 0.0, 0.0, 0.0}, {0.0, 0.0, 0.0, 0.0, 0.0, 0.0, 0.0}, {0.0, 0.0, 0.0, 0.0, 0.0, 0.0, 0.0}, {0.0, 0.0, 0.0, 0.0, 0.0, 0.0, 0.0}, {0.0, 0.0, 0.0, 0.0, 0.0, 0.0, 0.0}} expected - observed: BlockRealMatrix{{0.0, 4.38904690369668E-10, 8.36353208910623E-12, 0.0472894097790304, 0.0749178049642416, 3.693245043123738E-9, 3.95834476307755E-10}, {4.38904690369668E-10, 0.0, 7.8159700933611E-14, 0.01030636128354301, 0.06971758330341182, 4.327782576751815E-11, 1.114663916723657E-13}, {8.36353208910623E-12, 7.8159700933611E-14, 0.0, 0.01316878049026582, 0.0830166169296545, 1.167954621905665E-13, 1.332267629550188E-15}, {0.0472894097790304, 0.01030636128354301, 0.01316878049026582, 0.0, 0.510948586323452, 0.00331028281967516, 0.00466039138541463}, {0.0749178049642416, 0.06971758330341182, 0.0830166169296545, 0.510948586323452, 0.0, 0.1652293725106684, 0.1078477071581498}, {3.693245043123738E-9, 4.327782576751815E-11, 1.167954621905665E-13, 0.00331028281967516, 0.1652293725106684, 0.0, 7.771561172376096E-15}, {3.95834476307755E-10, 1.114663916723657E-13, 1.332267629550188E-15, 0.00466039138541463, 0.1078477071581498, 7.771561172376096E-15, 0.0}}-]",,"process:[testSwissFertility(org.apache.commons.math.stat.correlation.SpearmansRankCorrelationTest): correlation p values]hotswap:[testSwissFertility(org.apache.commons.math.stat.correlation.SpearmansRankCorrelationTest): correlation p values Expected: BlockRealMatrix{{0.0, 0.01491720061472623, 9.45043734069043E-7, 3.658616965962355E-7, 0.001028523190118147}, {0.01491720061472623, 0.0, 9.95151527133974E-8, 1.304590105694471E-6, 0.005204433539191644}, {9.45043734069043E-7, 9.95151527133974E-8, 0.0, 4.811397236181847E-8, 2.588307925380906E-5}, {3.658616965962355E-7, 1.304590105694471E-6, 4.811397236181847E-8, 0.0, 0.301807756132683}, {0.001028523190118147, 0.005204433539191644, 2.588307925380906E-5, 0.301807756132683, 0.0}} Observed: BlockRealMatrix{{0.0, 0.0, 0.0, 0.0, 0.0}, {0.0, 0.0, 0.0, 0.0, 0.0}, {0.0, 0.0, 0.0, 0.0, 0.0}, {0.0, 0.0, 0.0, 0.0, 0.0}, {0.0, 0.0, 0.0, 0.0, 0.0}} expected - observed: BlockRealMatrix{{0.0, 0.01491720061472623, 9.45043734069043E-7, 3.658616965962355E-7, 0.001028523190118147}, {0.01491720061472623, 0.0, 9.95151527133974E-8, 1.304590105694471E-6, 0.005204433539191644}, {9.45043734069043E-7, 9.95151527133974E-8, 0.0, 4.811397236181847E-8, 2.588307925380906E-5}, {3.658616965962355E-7, 1.304590105694471E-6, 4.811397236181847E-8, 0.0, 0.301807756132683}, {0.001028523190118147, 0.005204433539191644, 2.588307925380906E-5, 0.301807756132683, 0.0}}-, testPValueNearZero(org.apache.commons.math.stat.correlation.SpearmansRankCorrelationTest): null-, testStdErrorConsistency(org.apache.commons.math.stat.correlation.PearsonsCorrelationTest): expected:<0.014917200614726234> but was:<0.0>-, testSwissFertility(org.apache.commons.math.stat.correlation.PearsonsCorrelationTest): correlation p values Expected: BlockRealMatrix{{0.0, 0.01491720061472623, 9.45043734069043E-7, 3.658616965962355E-7, 0.001028523190118147}, {0.01491720061472623, 0.0, 9.95151527133974E-8, 1.304590105694471E-6, 0.005204433539191644}, {9.45043734069043E-7, 9.95151527133974E-8, 0.0, 4.811397236181847E-8, 2.588307925380906E-5}, {3.658616965962355E-7, 1.304590105694471E-6, 4.811397236181847E-8, 0.0, 0.301807756132683}, {0.001028523190118147, 0.005204433539191644, 2.588307925380906E-5, 0.301807756132683, 0.0}} Observed: BlockRealMatrix{{0.0, 0.0, 0.0, 0.0, 0.0}, {0.0, 0.0, 0.0, 0.0, 0.0}, {0.0, 0.0, 0.0, 0.0, 0.0}, {0.0, 0.0, 0.0, 0.0, 0.0}, {0.0, 0.0, 0.0, 0.0, 0.0}} expected - observed: BlockRealMatrix{{0.0, 0.01491720061472623, 9.45043734069043E-7, 3.658616965962355E-7, 0.001028523190118147}, {0.01491720061472623, 0.0, 9.95151527133974E-8, 1.304590105694471E-6, 0.005204433539191644}, {9.45043734069043E-7, 9.95151527133974E-8, 0.0, 4.811397236181847E-8, 2.588307925380906E-5}, {3.658616965962355E-7, 1.304590105694471E-6, 4.811397236181847E-8, 0.0, 0.301807756132683}, {0.001028523190118147, 0.005204433539191644, 2.588307925380906E-5, 0.301807756132683, 0.0}}-, testPValueNearZero(org.apache.commons.math.stat.correlation.PearsonsCorrelationTest): null-, testLongly(org.apache.commons.math.stat.correlation.PearsonsCorrelationTest): correlation p values Expected: BlockRealMatrix{{0.0, 4.38904690369668E-10, 8.36353208910623E-12, 0.0472894097790304, 0.0749178049642416, 3.693245043123738E-9, 3.95834476307755E-10}, {4.38904690369668E-10, 0.0, 7.8159700933611E-14, 0.01030636128354301, 0.06971758330341182, 4.327782576751815E-11, 1.114663916723657E-13}, {8.36353208910623E-12, 7.8159700933611E-14, 0.0, 0.01316878049026582, 0.0830166169296545, 1.167954621905665E-13, 1.332267629550188E-15}, {0.0472894097790304, 0.01030636128354301, 0.01316878049026582, 0.0, 0.510948586323452, 0.00331028281967516, 0.00466039138541463}, {0.0749178049642416, 0.06971758330341182, 0.0830166169296545, 0.510948586323452, 0.0, 0.1652293725106684, 0.1078477071581498}, {3.693245043123738E-9, 4.327782576751815E-11, 1.167954621905665E-13, 0.00331028281967516, 0.1652293725106684, 0.0, 7.771561172376096E-15}, {3.95834476307755E-10, 1.114663916723657E-13, 1.332267629550188E-15, 0.00466039138541463, 0.1078477071581498, 7.771561172376096E-15, 0.0}} Observed: BlockRealMatrix{{0.0, 0.0, 0.0, 0.0, 0.0, 0.0, 0.0}, {0.0, 0.0, 0.0, 0.0, 0.0, 0.0, 0.0}, {0.0, 0.0, 0.0, 0.0, 0.0, 0.0, 0.0}, {0.0, 0.0, 0.0, 0.0, 0.0, 0.0, 0.0}, {0.0, 0.0, 0.0, 0.0, 0.0, 0.0, 0.0}, {0.0, 0.0, 0.0, 0.0, 0.0, 0.0, 0.0}, {0.0, 0.0, 0.0, 0.0, 0.0, 0.0, 0.0}} expected - observed: BlockRealMatrix{{0.0, 4.38904690369668E-10, 8.36353208910623E-12, 0.0472894097790304, 0.0749178049642416, 3.693245043123738E-9, 3.95834476307755E-10}, {4.38904690369668E-10, 0.0, 7.8159700933611E-14, 0.01030636128354301, 0.06971758330341182, 4.327782576751815E-11, 1.114663916723657E-13}, {8.36353208910623E-12, 7.8159700933611E-14, 0.0, 0.01316878049026582, 0.0830166169296545, 1.167954621905665E-13, 1.332267629550188E-15}, {0.0472894097790304, 0.01030636128354301, 0.01316878049026582, 0.0, 0.510948586323452, 0.00331028281967516, 0.00466039138541463}, {0.0749178049642416, 0.06971758330341182, 0.0830166169296545, 0.510948586323452, 0.0, 0.1652293725106684, 0.1078477071581498}, {3.693245043123738E-9, 4.327782576751815E-11, 1.167954621905665E-13, 0.00331028281967516, 0.1652293725106684, 0.0, 7.771561172376096E-15}, {3.95834476307755E-10, 1.114663916723657E-13, 1.332267629550188E-15, 0.00466039138541463, 0.1078477071581498, 7.771561172376096E-15, 0.0}}-]"
5,17,true,132,false,2,"[testPValueNearZero(org.apache.commons.math.stat.correlation.SpearmansRankCorrelationTest): null-, testPValueNearZero(org.apache.commons.math.stat.correlation.PearsonsCorrelationTest): null-]",,,2,3677,7,false,2,"[testPValueNearZero(org.apache.commons.math.stat.correlation.SpearmansRankCorrelationTest): null-, testPValueNearZero(org.apache.commons.math.stat.correlation.PearsonsCorrelationTest): null-]",,
